16 15
26 19
37 24
52 31
69 39
86 44
109 53
127 62
135 66
146 68
152 70
142 70
120 70
90 70
60 70
33 70
8 70
-8 70
-20 70
-27 70
-28 70
-29 71
-29 73
-29 76
-25 81
-18 85
-11 89
0 93
10 100
23 107
32 110
40 113
45 115
47 117
48 117
49 117
44 118
39 118
33 118
32 118
44 120
86 127
138 127
187 127
238 127
287 127
330 127
360 127
372 127
375 127
376 127
367 127
343 123
312 119
276 116
236 109
204 109
179 109
165 109
154 109
150 108
149 107
148 107
155 105
162 101
170 101
176 97
179 97
173 98
150 101
114 104
79 111
44 122
24 127
7 130
-3 132
-11 133
-11 128
-11 126
-4 124
5 121
11 119
18 116
24 114
25 114
26 114
26 113
